%YAML:1.0
Lights: !!opencv-matrix
   rows: 15
   cols: 3
   dt: f
   data: [  -0.9578263, -0.0000000, -0.2873479  ,
            -0.8750179, -0.3895831, -0.2873479  ,
            -0.6409109, -0.7118037, -0.2873479  ,
            -0.2959846, -0.9109470, -0.2873479  ,
            0.1001201, -0.9525793, -0.2873479   ,
            0.4789132, -0.8295019, -0.2873479   ,
            0.7748978, -0.5629961, -0.2873479   ,
            0.9368955, -0.1991433, -0.2873479   ,
            0.9368955, 0.1991433, -0.2873479 ,
            0.7748978, 0.5629961, -0.2873479 ,
            0.4789132, 0.8295019, -0.2873479 ,
            0.1001201, 0.9525793, -0.2873479 ,
            -0.2959846, 0.9109470, -0.2873479   ,
            -0.6409109, 0.7118037, -0.2873479   ,
            -0.8750179, 0.3895831, -0.2873479   
            ]


