[
  {
    "index": 0,
    "position": [
      10.0,
      0.0,
      3.0
    ],
    "direction": [
      -0.9578263,
      -0.0,
      -0.2873479
    ],
    "energy": 3000,
    "tilt_deg": -180.0,
    "slant_deg": 106.6992441,
    "matrix": [
      [
        0.0,
        -0.2873479,
        0.9578263,
        10.0
      ],
      [
        1.0,
        0.0,
        0.0,
        0.0
      ],
      [
        0.0,
        0.9578263,
        0.2873479,
        3.0
      ],
      [
        0.0,
        0.0,
        0.0,
        1.0
      ]
    ]
  },
  {
    "index": 1,
    "position": [
      9.1354546,
      4.0673664,
      3.0
    ],
    "direction": [
      -0.8750179,
      -0.3895831,
      -0.2873479
    ],
    "energy": 3000,
    "tilt_deg": -155.9999973,
    "slant_deg": 106.6992459,
    "matrix": [
      [
        -0.4067367,
        -0.2625054,
        0.8750179,
        9.1354542
      ],
      [
        0.9135455,
        -0.1168749,
        0.3895831,
        4.0673666
      ],
      [
        0.0,
        0.9578263,
        0.2873479,
        3.0
      ],
      [
        0.0,
        0.0,
        0.0,
        1.0
      ]
    ]
  },
  {
    "index": 2,
    "position": [
      6.6913061,
      7.4314483,
      3.0
    ],
    "direction": [
      -0.6409109,
      -0.7118037,
      -0.2873479
    ],
    "energy": 3000,
    "tilt_deg": -132.0000007,
    "slant_deg": 106.6992441,
    "matrix": [
      [
        -0.7431449,
        -0.1922733,
        0.6409109,
        6.6913061
      ],
      [
        0.6691306,
        -0.2135411,
        0.7118037,
        7.4314485
      ],
      [
        0.0,
        0.9578263,
        0.2873479,
        3.0
      ],
      [
        0.0,
        0.0,
        0.0,
        1.0
      ]
    ]
  },
  {
    "index": 3,
    "position": [
      3.0901699,
      9.5105652,
      3.0
    ],
    "direction": [
      -0.2959846,
      -0.910947,
      -0.2873479
    ],
    "energy": 3000,
    "tilt_deg": -108.0000008,
    "slant_deg": 106.6992459,
    "matrix": [
      [
        -0.9510565,
        -0.0887954,
        0.2959846,
        3.0901699
      ],
      [
        0.309017,
        -0.2732841,
        0.910947,
        9.5105648
      ],
      [
        0.0,
        0.9578263,
        0.2873479,
        3.0
      ],
      [
        0.0,
        0.0,
        0.0,
        1.0
      ]
    ]
  },
  {
    "index": 4,
    "position": [
      -1.0452846,
      9.945219,
      3.0
    ],
    "direction": [
      0.1001201,
      -0.9525793,
      -0.2873479
    ],
    "energy": 3000,
    "tilt_deg": -84.0000001,
    "slant_deg": 106.6992441,
    "matrix": [
      [
        -0.9945219,
        0.030036,
        -0.1001201,
        -1.0452846
      ],
      [
        -0.1045285,
        -0.2857738,
        0.9525793,
        9.945219
      ],
      [
        0.0,
        0.9578263,
        0.2873479,
        3.0
      ],
      [
        0.0,
        0.0,
        0.0,
        1.0
      ]
    ]
  },
  {
    "index": 5,
    "position": [
      -5.0,
      8.660254,
      3.0
    ],
    "direction": [
      0.4789132,
      -0.8295019,
      -0.2873479
    ],
    "energy": 3000,
    "tilt_deg": -60.0000001,
    "slant_deg": 106.6992441,
    "matrix": [
      [
        -0.8660254,
        0.1436739,
        -0.4789132,
        -5.0
      ],
      [
        -0.5,
        -0.2488506,
        0.8295019,
        8.6602545
      ],
      [
        -0.0,
        0.9578263,
        0.2873479,
        3.0
      ],
      [
        0.0,
        0.0,
        0.0,
        1.0
      ]
    ]
  },
  {
    "index": 6,
    "position": [
      -8.0901699,
      5.8778525,
      3.0
    ],
    "direction": [
      0.7748978,
      -0.5629961,
      -0.2873479
    ],
    "energy": 3000,
    "tilt_deg": -35.9999988,
    "slant_deg": 106.6992441,
    "matrix": [
      [
        -0.5877852,
        0.2324693,
        -0.7748978,
        -8.0901699
      ],
      [
        -0.809017,
        -0.1688989,
        0.5629961,
        5.8778524
      ],
      [
        0.0,
        0.9578263,
        0.2873479,
        3.0
      ],
      [
        0.0,
        0.0,
        0.0,
        1.0
      ]
    ]
  },
  {
    "index": 7,
    "position": [
      -9.781476,
      2.0791169,
      3.0
    ],
    "direction": [
      0.9368955,
      -0.1991433,
      -0.2873479
    ],
    "energy": 3000,
    "tilt_deg": -11.9999995,
    "slant_deg": 106.6992441,
    "matrix": [
      [
        -0.2079117,
        0.2810687,
        -0.9368955,
        -9.781476
      ],
      [
        -0.9781477,
        -0.059743,
        0.1991433,
        2.0791168
      ],
      [
        0.0,
        0.9578263,
        0.2873479,
        3.0
      ],
      [
        0.0,
        0.0,
        0.0,
        1.0
      ]
    ]
  },
  {
    "index": 8,
    "position": [
      -9.781476,
      -2.0791169,
      3.0
    ],
    "direction": [
      0.9368955,
      0.1991433,
      -0.2873479
    ],
    "energy": 3000,
    "tilt_deg": 11.9999995,
    "slant_deg": 106.6992441,
    "matrix": [
      [
        0.2079117,
        0.2810687,
        -0.9368955,
        -9.781476
      ],
      [
        -0.9781477,
        0.059743,
        -0.1991433,
        -2.0791168
      ],
      [
        -0.0,
        0.9578263,
        0.2873479,
        3.0
      ],
      [
        0.0,
        0.0,
        0.0,
        1.0
      ]
    ]
  },
  {
    "index": 9,
    "position": [
      -8.0901699,
      -5.8778525,
      3.0
    ],
    "direction": [
      0.7748978,
      0.5629961,
      -0.2873479
    ],
    "energy": 3000,
    "tilt_deg": 35.9999988,
    "slant_deg": 106.6992441,
    "matrix": [
      [
        0.5877852,
        0.2324693,
        -0.7748978,
        -8.0901699
      ],
      [
        -0.809017,
        0.1688989,
        -0.5629961,
        -5.8778524
      ],
      [
        0.0,
        0.9578263,
        0.2873479,
        3.0
      ],
      [
        0.0,
        0.0,
        0.0,
        1.0
      ]
    ]
  },
  {
    "index": 10,
    "position": [
      -5.0,
      -8.660254,
      3.0
    ],
    "direction": [
      0.4789132,
      0.8295019,
      -0.2873479
    ],
    "energy": 3000,
    "tilt_deg": 60.0000001,
    "slant_deg": 106.6992441,
    "matrix": [
      [
        0.8660254,
        0.1436739,
        -0.4789132,
        -5.0
      ],
      [
        -0.5,
        0.2488506,
        -0.8295019,
        -8.6602545
      ],
      [
        0.0,
        0.9578263,
        0.2873479,
        3.0
      ],
      [
        0.0,
        0.0,
        0.0,
        1.0
      ]
    ]
  },
  {
    "index": 11,
    "position": [
      -1.0452846,
      -9.945219,
      3.0
    ],
    "direction": [
      0.1001201,
      0.9525793,
      -0.2873479
    ],
    "energy": 3000,
    "tilt_deg": 84.0000001,
    "slant_deg": 106.6992441,
    "matrix": [
      [
        0.9945219,
        0.030036,
        -0.1001201,
        -1.0452846
      ],
      [
        -0.1045285,
        0.2857738,
        -0.9525793,
        -9.945219
      ],
      [
        0.0,
        0.9578263,
        0.2873479,
        3.0
      ],
      [
        0.0,
        0.0,
        0.0,
        1.0
      ]
    ]
  },
  {
    "index": 12,
    "position": [
      3.0901699,
      -9.5105652,
      3.0
    ],
    "direction": [
      -0.2959846,
      0.910947,
      -0.2873479
    ],
    "energy": 3000,
    "tilt_deg": 108.0000008,
    "slant_deg": 106.6992459,
    "matrix": [
      [
        0.9510565,
        -0.0887954,
        0.2959846,
        3.0901699
      ],
      [
        0.309017,
        0.2732841,
        -0.910947,
        -9.5105648
      ],
      [
        0.0,
        0.9578263,
        0.2873479,
        3.0
      ],
      [
        0.0,
        0.0,
        0.0,
        1.0
      ]
    ]
  },
  {
    "index": 13,
    "position": [
      6.6913061,
      -7.4314483,
      3.0
    ],
    "direction": [
      -0.6409109,
      0.7118037,
      -0.2873479
    ],
    "energy": 3000,
    "tilt_deg": 132.0000007,
    "slant_deg": 106.6992441,
    "matrix": [
      [
        0.7431449,
        -0.1922733,
        0.6409109,
        6.6913061
      ],
      [
        0.6691306,
        0.2135411,
        -0.7118037,
        -7.4314485
      ],
      [
        -0.0,
        0.9578263,
        0.2873479,
        3.0
      ],
      [
        0.0,
        0.0,
        0.0,
        1.0
      ]
    ]
  },
  {
    "index": 14,
    "position": [
      9.1354546,
      -4.0673664,
      3.0
    ],
    "direction": [
      -0.8750179,
      0.3895831,
      -0.2873479
    ],
    "energy": 3000,
    "tilt_deg": 155.9999973,
    "slant_deg": 106.6992459,
    "matrix": [
      [
        0.4067367,
        -0.2625054,
        0.8750179,
        9.1354542
      ],
      [
        0.9135455,
        0.1168749,
        -0.3895831,
        -4.0673666
      ],
      [
        0.0,
        0.9578263,
        0.2873479,
        3.0
      ],
      [
        0.0,
        0.0,
        0.0,
        1.0
      ]
    ]
  }
]