[
  {
    "index": 0,
    "position": [
      8.0,
      0.0,
      2.5
    ],
    "direction": [
      -0.95448,
      -0.0,
      -0.298275
    ],
    "energy": 10,
    "tilt_deg": -180.0,
    "slant_deg": 107.3540247,
    "matrix": [
      [
        0.0,
        -0.298275,
        0.95448,
        8.0
      ],
      [
        1.0,
        0.0,
        0.0,
        0.0
      ],
      [
        0.0,
        0.9544799,
        0.298275,
        2.5
      ],
      [
        0.0,
        0.0,
        0.0,
        1.0
      ]
    ],
    "light_type": "SUN"
  },
  {
    "index": 1,
    "position": [
      7.3083637,
      3.2538931,
      2.5
    ],
    "direction": [
      -0.8719608,
      -0.388222,
      -0.298275
    ],
    "energy": 10,
    "tilt_deg": -155.9999994,
    "slant_deg": 107.3540247,
    "matrix": [
      [
        -0.4067366,
        -0.2724878,
        0.8719608,
        7.3083634
      ],
      [
        0.9135454,
        -0.1213194,
        0.388222,
        3.2538931
      ],
      [
        0.0,
        0.9544799,
        0.298275,
        2.5
      ],
      [
        0.0,
        0.0,
        0.0,
        1.0
      ]
    ],
    "light_type": "SUN"
  },
  {
    "index": 2,
    "position": [
      5.3530449,
      5.9451586,
      2.5
    ],
    "direction": [
      -0.6386718,
      -0.7093168,
      -0.298275
    ],
    "energy": 10,
    "tilt_deg": -132.0000025,
    "slant_deg": 107.3540247,
    "matrix": [
      [
        -0.7431448,
        -0.1995849,
        0.6386718,
        5.353045
      ],
      [
        0.6691306,
        -0.2216615,
        0.7093168,
        5.9451585
      ],
      [
        0.0,
        0.9544799,
        0.298275,
        2.5
      ],
      [
        0.0,
        0.0,
        0.0,
        1.0
      ]
    ],
    "light_type": "SUN"
  },
  {
    "index": 3,
    "position": [
      2.472136,
      7.6084521,
      2.5
    ],
    "direction": [
      -0.2949505,
      -0.9077644,
      -0.298275
    ],
    "energy": 10,
    "tilt_deg": -108.0,
    "slant_deg": 107.3540247,
    "matrix": [
      [
        -0.9510566,
        -0.092172,
        0.2949505,
        2.472136
      ],
      [
        0.309017,
        -0.2836764,
        0.9077644,
        7.6084523
      ],
      [
        -0.0,
        0.9544799,
        0.298275,
        2.5
      ],
      [
        0.0,
        0.0,
        0.0,
        1.0
      ]
    ],
    "light_type": "SUN"
  },
  {
    "index": 4,
    "position": [
      -0.8362277,
      7.9561752,
      2.5
    ],
    "direction": [
      0.0997703,
      -0.9492513,
      -0.298275
    ],
    "energy": 10,
    "tilt_deg": -84.0000001,
    "slant_deg": 107.3540247,
    "matrix": [
      [
        -0.9945219,
        0.0311782,
        -0.0997703,
        -0.8362277
      ],
      [
        -0.1045285,
        -0.296641,
        0.9492513,
        7.9561753
      ],
      [
        0.0,
        0.9544799,
        0.298275,
        2.5
      ],
      [
        0.0,
        0.0,
        0.0,
        1.0
      ]
    ],
    "light_type": "SUN"
  },
  {
    "index": 5,
    "position": [
      -4.0,
      6.9282032,
      2.5
    ],
    "direction": [
      0.47724,
      -0.8266039,
      -0.298275
    ],
    "energy": 10,
    "tilt_deg": -59.9999991,
    "slant_deg": 107.3540247,
    "matrix": [
      [
        -0.8660254,
        0.1491375,
        -0.47724,
        -4.0
      ],
      [
        -0.5,
        -0.2583137,
        0.8266039,
        6.9282031
      ],
      [
        -0.0,
        0.9544799,
        0.298275,
        2.5
      ],
      [
        0.0,
        0.0,
        0.0,
        1.0
      ]
    ],
    "light_type": "SUN"
  },
  {
    "index": 6,
    "position": [
      -6.472136,
      4.702282,
      2.5
    ],
    "direction": [
      0.7721906,
      -0.5610293,
      -0.298275
    ],
    "energy": 10,
    "tilt_deg": -35.9999983,
    "slant_deg": 107.3540247,
    "matrix": [
      [
        -0.5877852,
        0.2413095,
        -0.7721906,
        -6.472136
      ],
      [
        -0.809017,
        -0.1753216,
        0.5610293,
        4.702282
      ],
      [
        0.0,
        0.9544799,
        0.298275,
        2.5
      ],
      [
        0.0,
        0.0,
        0.0,
        1.0
      ]
    ],
    "light_type": "SUN"
  },
  {
    "index": 7,
    "position": [
      -7.8251808,
      1.6632935,
      2.5
    ],
    "direction": [
      0.9336223,
      -0.1984475,
      -0.298275
    ],
    "energy": 10,
    "tilt_deg": -11.9999988,
    "slant_deg": 107.3540247,
    "matrix": [
      [
        -0.2079117,
        0.291757,
        -0.9336223,
        -7.825181
      ],
      [
        -0.9781477,
        -0.0620148,
        0.1984475,
        1.6632935
      ],
      [
        0.0,
        0.9544799,
        0.298275,
        2.5
      ],
      [
        0.0,
        0.0,
        0.0,
        1.0
      ]
    ],
    "light_type": "SUN"
  },
  {
    "index": 8,
    "position": [
      -7.8251808,
      -1.6632935,
      2.5
    ],
    "direction": [
      0.9336223,
      0.1984475,
      -0.298275
    ],
    "energy": 10,
    "tilt_deg": 11.9999988,
    "slant_deg": 107.3540247,
    "matrix": [
      [
        0.2079117,
        0.291757,
        -0.9336223,
        -7.825181
      ],
      [
        -0.9781477,
        0.0620148,
        -0.1984475,
        -1.6632935
      ],
      [
        0.0,
        0.9544799,
        0.298275,
        2.5
      ],
      [
        0.0,
        0.0,
        0.0,
        1.0
      ]
    ],
    "light_type": "SUN"
  },
  {
    "index": 9,
    "position": [
      -6.472136,
      -4.702282,
      2.5
    ],
    "direction": [
      0.7721906,
      0.5610293,
      -0.298275
    ],
    "energy": 10,
    "tilt_deg": 35.9999983,
    "slant_deg": 107.3540247,
    "matrix": [
      [
        0.5877852,
        0.2413095,
        -0.7721906,
        -6.472136
      ],
      [
        -0.809017,
        0.1753216,
        -0.5610293,
        -4.702282
      ],
      [
        0.0,
        0.9544799,
        0.298275,
        2.5
      ],
      [
        0.0,
        0.0,
        0.0,
        1.0
      ]
    ],
    "light_type": "SUN"
  },
  {
    "index": 10,
    "position": [
      -4.0,
      -6.9282032,
      2.5
    ],
    "direction": [
      0.47724,
      0.8266039,
      -0.298275
    ],
    "energy": 10,
    "tilt_deg": 59.9999991,
    "slant_deg": 107.3540247,
    "matrix": [
      [
        0.8660254,
        0.1491375,
        -0.47724,
        -4.0
      ],
      [
        -0.5,
        0.2583137,
        -0.8266039,
        -6.9282031
      ],
      [
        0.0,
        0.9544799,
        0.298275,
        2.5
      ],
      [
        0.0,
        0.0,
        0.0,
        1.0
      ]
    ],
    "light_type": "SUN"
  },
  {
    "index": 11,
    "position": [
      -0.8362277,
      -7.9561752,
      2.5
    ],
    "direction": [
      0.0997703,
      0.9492513,
      -0.298275
    ],
    "energy": 10,
    "tilt_deg": 84.0000001,
    "slant_deg": 107.3540247,
    "matrix": [
      [
        0.9945219,
        0.0311782,
        -0.0997703,
        -0.8362277
      ],
      [
        -0.1045285,
        0.296641,
        -0.9492513,
        -7.9561753
      ],
      [
        0.0,
        0.9544799,
        0.298275,
        2.5
      ],
      [
        0.0,
        0.0,
        0.0,
        1.0
      ]
    ],
    "light_type": "SUN"
  },
  {
    "index": 12,
    "position": [
      2.472136,
      -7.6084521,
      2.5
    ],
    "direction": [
      -0.2949505,
      0.9077644,
      -0.298275
    ],
    "energy": 10,
    "tilt_deg": 108.0,
    "slant_deg": 107.3540247,
    "matrix": [
      [
        0.9510566,
        -0.092172,
        0.2949505,
        2.472136
      ],
      [
        0.309017,
        0.2836764,
        -0.9077644,
        -7.6084523
      ],
      [
        0.0,
        0.9544799,
        0.298275,
        2.5
      ],
      [
        0.0,
        0.0,
        0.0,
        1.0
      ]
    ],
    "light_type": "SUN"
  },
  {
    "index": 13,
    "position": [
      5.3530449,
      -5.9451586,
      2.5
    ],
    "direction": [
      -0.6386718,
      0.7093168,
      -0.298275
    ],
    "energy": 10,
    "tilt_deg": 132.0000025,
    "slant_deg": 107.3540247,
    "matrix": [
      [
        0.7431448,
        -0.1995849,
        0.6386718,
        5.353045
      ],
      [
        0.6691306,
        0.2216615,
        -0.7093168,
        -5.9451585
      ],
      [
        0.0,
        0.9544799,
        0.298275,
        2.5
      ],
      [
        0.0,
        0.0,
        0.0,
        1.0
      ]
    ],
    "light_type": "SUN"
  },
  {
    "index": 14,
    "position": [
      7.3083637,
      -3.2538931,
      2.5
    ],
    "direction": [
      -0.8719608,
      0.388222,
      -0.298275
    ],
    "energy": 10,
    "tilt_deg": 155.9999994,
    "slant_deg": 107.3540247,
    "matrix": [
      [
        0.4067366,
        -0.2724878,
        0.8719608,
        7.3083634
      ],
      [
        0.9135454,
        0.1213194,
        -0.388222,
        -3.2538931
      ],
      [
        -0.0,
        0.9544799,
        0.298275,
        2.5
      ],
      [
        0.0,
        0.0,
        0.0,
        1.0
      ]
    ],
    "light_type": "SUN"
  }
]